#
# Executes commands at login pre-zshrc.
#
# Authors:
#   Sorin Ionescu <sorin.ionescu@gmail.com>
#

#
# Browser
#

if [[ "$OSTYPE" == darwin* ]]; then
  export BROWSER='open'
fi

#
# Editors
#

export EDITOR='nano'
export VISUAL='atom'
export PAGER='bat'

#
# Language
#

if [[ -z "$LANG" ]]; then
  export LANG='en_US.UTF-8'
fi

#
# Paths
#

# Ensure path arrays do not contain duplicates.
typeset -gU cdpath fpath mailpath path

# Set the list of directories that cd searches.
# cdpath=(
#   $cdpath
# )

# Set the list of directories that Zsh searches for programs.
brewprefix=$([[ $(uname -m) == "x86_64" ]] && echo "/usr/local" || echo "/opt/homebrew")
path=(
  $brewprefix/{bin,sbin}
  $brewprefix/opt/coreutils/libexec/gnubin
  $brewprefix/opt/grep/libexec/gnubin
  $path
)

#
# Less
#

# Set the default Less options.
# Mouse-wheel scrolling has been disabled by -X (disable screen clearing).
# Remove -X to enable it.
export LESS='-g -i -M -R -S -w -z-4'

export LS_COLORS="bd=1;38;2;154;237;254;48;2;51;51;51:mi=0;38;2;0;0;0;48;2;255;92;87:cd=1;38;2;255;106;193;48;2;51;51;51:fi=0:no=0:tw=0:pi=1;38;2;0;0;0;48;2;87;199;255:st=0:ex=1;38;2;255;92;87:or=0;38;2;0;0;0;48;2;255;92;87:ln=1;38;2;255;106;193:di=1;38;2;87;199;255:*~=0;38;2;102;102;102:so=1;38;2;0;0;0;48;2;255;106;193:ow=0:*.h=0;38;2;90;247;142:*.d=0;38;2;90;247;142:*.o=0;38;2;102;102;102:*.m=0;38;2;90;247;142:*.p=0;38;2;90;247;142:*.z=1;38;2;154;237;254:*.t=0;38;2;90;247;142:*.r=0;38;2;90;247;142:*.c=0;38;2;90;247;142:*.a=1;38;2;255;92;87:*.gv=0;38;2;90;247;142:*.pp=0;38;2;90;247;142:*.7z=1;38;2;154;237;254:*.cs=0;38;2;90;247;142:*.el=0;38;2;90;247;142:*.vb=0;38;2;90;247;142:*.hs=0;38;2;90;247;142:*.nb=0;38;2;90;247;142:*.ps=1;38;2;255;92;87:*css=0;38;2;90;247;142:*.lo=0;38;2;102;102;102:*.hh=0;38;2;90;247;142:*.ko=1;38;2;255;92;87:*.la=0;38;2;102;102;102:*.cr=0;38;2;90;247;142:*.bc=0;38;2;102;102;102:*.bz=1;38;2;154;237;254:*.gz=1;38;2;154;237;254:*.jl=0;38;2;90;247;142:*.as=0;38;2;90;247;142:*.go=0;38;2;90;247;142:*.ui=1;38;2;231;179;118:*.rm=1;38;2;255;180;223:*.ex=0;38;2;90;247;142:*.py=0;38;2;90;247;142:*.cp=0;38;2;90;247;142:*.fs=0;38;2;90;247;142:*.di=0;38;2;90;247;142:*.ml=0;38;2;90;247;142:*.hi=0;38;2;102;102;102:*.rs=0;38;2;90;247;142:*.sh=0;38;2;90;247;142:*.pm=0;38;2;90;247;142:*.xz=1;38;2;154;237;254:*.pl=0;38;2;90;247;142:*.mn=0;38;2;90;247;142:*.so=1;38;2;255;92;87:*.ts=0;38;2;90;247;142:*.md=1;38;2;231;179;118:*.js=0;38;2;90;247;142:*.td=0;38;2;90;247;142:*.cc=0;38;2;90;247;142:*.ll=0;38;2;90;247;142:*.kt=0;38;2;90;247;142:*.rb=0;38;2;90;247;142:*.img=1;38;2;154;237;254:*.mpg=1;38;2;255;180;223:*.wma=1;38;2;255;180;223:*.def=0;38;2;90;247;142:*.tsx=0;38;2;90;247;142:*.asa=0;38;2;90;247;142:*.fsx=0;38;2;90;247;142:*.xlr=1;38;2;255;92;87:*.mir=0;38;2;90;247;142:*.elm=0;38;2;90;247;142:*.zsh=0;38;2;90;247;142:*.bib=1;38;2;231;179;118:*.gvy=0;38;2;90;247;142:*.hpp=0;38;2;90;247;142:*.nix=1;38;2;231;179;118:*.hxx=0;38;2;90;247;142:*.rpm=1;38;2;154;237;254:*.pod=0;38;2;90;247;142:*.ppm=1;38;2;255;180;223:*.mid=1;38;2;255;180;223:*.kts=0;38;2;90;247;142:*.inl=0;38;2;90;247;142:*.rst=1;38;2;231;179;118:*.svg=1;38;2;255;180;223:*.cpp=0;38;2;90;247;142:*.otf=1;38;2;255;180;223:*.mp3=1;38;2;255;180;223:*.vob=1;38;2;255;180;223:*.mov=1;38;2;255;180;223:*.ppt=1;38;2;255;92;87:*.kex=1;38;2;255;92;87:*.zip=1;38;2;154;237;254:*.mkv=1;38;2;255;180;223:*.bat=1;38;2;255;92;87:*.tmp=0;38;2;102;102;102:*.txt=1;38;2;231;179;118:*.php=0;38;2;90;247;142:*.cfg=1;38;2;231;179;118:*.csv=1;38;2;231;179;118:*.com=1;38;2;255;92;87:*.aux=0;38;2;102;102;102:*.bin=1;38;2;154;237;254:*.dll=1;38;2;255;92;87:*.bcf=0;38;2;102;102;102:*.tgz=1;38;2;154;237;254:*.mp4=1;38;2;255;180;223:*.exe=1;38;2;255;92;87:*.ics=1;38;2;255;92;87:*.yml=1;38;2;231;179;118:*.psd=1;38;2;255;180;223:*hgrc=0;38;2;165;255;195:*.rtf=1;38;2;255;92;87:*.bbl=0;38;2;102;102;102:*.xcf=1;38;2;255;180;223:*.ind=0;38;2;102;102;102:*.pas=0;38;2;90;247;142:*.idx=0;38;2;102;102;102:*.xml=1;38;2;231;179;118:*.fon=1;38;2;255;180;223:*.bag=1;38;2;154;237;254:*.awk=0;38;2;90;247;142:*.pgm=1;38;2;255;180;223:*.wav=1;38;2;255;180;223:*.ods=1;38;2;255;92;87:*.mli=0;38;2;90;247;142:*.jar=1;38;2;154;237;254:*.tml=1;38;2;231;179;118:*.pro=0;38;2;165;255;195:*.xmp=1;38;2;231;179;118:*.lua=0;38;2;90;247;142:*.gif=1;38;2;255;180;223:*.erl=0;38;2;90;247;142:*.pdf=1;38;2;255;92;87:*.iso=1;38;2;154;237;254:*.bmp=1;38;2;255;180;223:*.bz2=1;38;2;154;237;254:*.pyc=0;38;2;102;102;102:*.zst=1;38;2;154;237;254:*.ps1=0;38;2;90;247;142:*.ltx=0;38;2;90;247;142:*.vim=0;38;2;90;247;142:*.clj=0;38;2;90;247;142:*.log=0;38;2;102;102;102:*.sty=0;38;2;102;102;102:*.c++=0;38;2;90;247;142:*.m4a=1;38;2;255;180;223:*.tif=1;38;2;255;180;223:*.flv=1;38;2;255;180;223:*.pid=0;38;2;102;102;102:*.fsi=0;38;2;90;247;142:*.ipp=0;38;2;90;247;142:*.eps=1;38;2;255;180;223:*.git=0;38;2;102;102;102:*.dot=0;38;2;90;247;142:*.m4v=1;38;2;255;180;223:*.odt=1;38;2;255;92;87:*.png=1;38;2;255;180;223:*.dox=0;38;2;165;255;195:*.inc=0;38;2;90;247;142:*.arj=1;38;2;154;237;254:*.pkg=1;38;2;154;237;254:*.epp=0;38;2;90;247;142:*.sxw=1;38;2;255;92;87:*.xls=1;38;2;255;92;87:*.deb=1;38;2;154;237;254:*.ogg=1;38;2;255;180;223:*.csx=0;38;2;90;247;142:*.ilg=0;38;2;102;102;102:*.dpr=0;38;2;90;247;142:*.sxi=1;38;2;255;92;87:*.fls=0;38;2;102;102;102:*.htc=0;38;2;90;247;142:*.vcd=1;38;2;154;237;254:*.dmg=1;38;2;154;237;254:*.swf=1;38;2;255;180;223:*.out=0;38;2;102;102;102:*.sbt=0;38;2;90;247;142:*.aif=1;38;2;255;180;223:*.cgi=0;38;2;90;247;142:*.bst=1;38;2;231;179;118:*.pps=1;38;2;255;92;87:*.bsh=0;38;2;90;247;142:*.ttf=1;38;2;255;180;223:*.tar=1;38;2;154;237;254:*.toc=0;38;2;102;102;102:*.tex=0;38;2;90;247;142:*.h++=0;38;2;90;247;142:*.doc=1;38;2;255;92;87:*.jpg=1;38;2;255;180;223:*.cxx=0;38;2;90;247;142:*.htm=1;38;2;231;179;118:*.pbm=1;38;2;255;180;223:*.sql=0;38;2;90;247;142:*.tcl=0;38;2;90;247;142:*.swp=0;38;2;102;102;102:*.blg=0;38;2;102;102;102:*.bak=0;38;2;102;102;102:*.tbz=1;38;2;154;237;254:*.wmv=1;38;2;255;180;223:*.fnt=1;38;2;255;180;223:*TODO=1:*.odp=1;38;2;255;92;87:*.rar=1;38;2;154;237;254:*.apk=1;38;2;154;237;254:*.ico=1;38;2;255;180;223:*.ini=1;38;2;231;179;118:*.exs=0;38;2;90;247;142:*.avi=1;38;2;255;180;223:*.xlsx=1;38;2;255;92;87:*.diff=0;38;2;90;247;142:*.yaml=1;38;2;231;179;118:*.psd1=0;38;2;90;247;142:*.lock=0;38;2;102;102;102:*.psm1=0;38;2;90;247;142:*.java=0;38;2;90;247;142:*.tbz2=1;38;2;154;237;254:*.docx=1;38;2;255;92;87:*.pptx=1;38;2;255;92;87:*.bash=0;38;2;90;247;142:*.html=1;38;2;231;179;118:*.tiff=1;38;2;255;180;223:*.fish=0;38;2;90;247;142:*.rlib=0;38;2;102;102;102:*.toml=1;38;2;231;179;118:*.orig=0;38;2;102;102;102:*.h264=1;38;2;255;180;223:*.epub=1;38;2;255;92;87:*.lisp=0;38;2;90;247;142:*.json=1;38;2;231;179;118:*.dart=0;38;2;90;247;142:*.jpeg=1;38;2;255;180;223:*.purs=0;38;2;90;247;142:*.make=0;38;2;165;255;195:*.hgrc=0;38;2;165;255;195:*.flac=1;38;2;255;180;223:*.less=0;38;2;90;247;142:*.mpeg=1;38;2;255;180;223:*.conf=1;38;2;231;179;118:*.toast=1;38;2;154;237;254:*.ipynb=0;38;2;90;247;142:*.patch=0;38;2;90;247;142:*README=1;38;2;40;42;54;48;2;231;179;118:*.swift=0;38;2;90;247;142:*.cache=0;38;2;102;102;102:*.cabal=0;38;2;90;247;142:*.xhtml=1;38;2;231;179;118:*shadow=1;38;2;231;179;118:*.shtml=1;38;2;231;179;118:*.dyn_o=0;38;2;102;102;102:*.class=0;38;2;102;102;102:*.mdown=1;38;2;231;179;118:*.scala=0;38;2;90;247;142:*.cmake=0;38;2;165;255;195:*passwd=1;38;2;231;179;118:*COPYING=1;38;2;153;153;153:*.config=1;38;2;231;179;118:*.gradle=0;38;2;90;247;142:*.matlab=0;38;2;90;247;142:*.ignore=0;38;2;165;255;195:*INSTALL=1;38;2;40;42;54;48;2;231;179;118:*.dyn_hi=0;38;2;102;102;102:*TODO.md=1:*.flake8=0;38;2;165;255;195:*.groovy=0;38;2;90;247;142:*LICENSE=1;38;2;153;153;153:*TODO.txt=1:*Doxyfile=0;38;2;165;255;195:*Makefile=0;38;2;165;255;195:*.gemspec=0;38;2;165;255;195:*.desktop=1;38;2;231;179;118:*setup.py=0;38;2;165;255;195:*configure=0;38;2;165;255;195:*.kdevelop=0;38;2;165;255;195:*.DS_Store=0;38;2;102;102;102:*.fdignore=0;38;2;165;255;195:*.rgignore=0;38;2;165;255;195:*README.md=1;38;2;40;42;54;48;2;231;179;118:*.markdown=1;38;2;231;179;118:*COPYRIGHT=1;38;2;153;153;153:*.cmake.in=0;38;2;165;255;195:*.localized=0;38;2;102;102;102:*.gitconfig=0;38;2;165;255;195:*Dockerfile=1;38;2;231;179;118:*CODEOWNERS=0;38;2;165;255;195:*SConstruct=0;38;2;165;255;195:*INSTALL.md=1;38;2;40;42;54;48;2;231;179;118:*README.txt=1;38;2;40;42;54;48;2;231;179;118:*.scons_opt=0;38;2;102;102;102:*.gitignore=0;38;2;165;255;195:*SConscript=0;38;2;165;255;195:*LICENSE-MIT=1;38;2;153;153;153:*.gitmodules=0;38;2;165;255;195:*.travis.yml=0;38;2;90;247;142:*Makefile.in=0;38;2;102;102;102:*.synctex.gz=0;38;2;102;102;102:*INSTALL.txt=1;38;2;40;42;54;48;2;231;179;118:*MANIFEST.in=0;38;2;165;255;195:*Makefile.am=0;38;2;165;255;195:*.fdb_latexmk=0;38;2;102;102;102:*configure.ac=0;38;2;165;255;195:*appveyor.yml=0;38;2;90;247;142:*CONTRIBUTORS=1;38;2;40;42;54;48;2;231;179;118:*.applescript=0;38;2;90;247;142:*.clang-format=0;38;2;165;255;195:*CMakeCache.txt=0;38;2;102;102;102:*CMakeLists.txt=0;38;2;165;255;195:*LICENSE-APACHE=1;38;2;153;153;153:*.gitattributes=0;38;2;165;255;195:*CONTRIBUTORS.md=1;38;2;40;42;54;48;2;231;179;118:*.sconsign.dblite=0;38;2;102;102;102:*CONTRIBUTORS.txt=1;38;2;40;42;54;48;2;231;179;118:*requirements.txt=0;38;2;165;255;195:*package-lock.json=0;38;2;102;102;102:*.CFUserTextEncoding=0;38;2;102;102;102"
